{
 "cells": [
  {
   "cell_type": "markdown",
   "metadata": {},
   "source": [
    "# Assignment 1"
   ]
  },
  {
   "cell_type": "markdown",
   "metadata": {},
   "source": [
    "### Part 1 - Basic python"
   ]
  },
  {
   "cell_type": "markdown",
   "metadata": {},
   "source": [
    "For the simple python code to execute the diffusion iteration, I have defined an array $u0$ as the initial condition and $un1$ as an empty array to store next iteration. $u0$ is a grid of zeros with size $N$, and in this example values in a 2x2 section in the centre have been set to one. For loops are used to calculate the value of each point after one iteration using the reccurance relation given in the question. Results of this iteration calculation fill $un1$ then $un$ is updated to set initial condition for the next iteration. This matrix $un$ is returned and gives the new matrix after one step of the diffusion iteration. "
   ]
  },
  {
   "cell_type": "code",
   "execution_count": 103,
   "metadata": {},
   "outputs": [
    {
     "name": "stdout",
     "output_type": "stream",
     "text": [
      "[[0. 0. 0. 0. 0. 0. 0. 0. 0. 0.]\n",
      " [0. 0. 0. 0. 0. 0. 0. 0. 0. 0.]\n",
      " [0. 0. 0. 0. 0. 0. 0. 0. 0. 0.]\n",
      " [0. 0. 0. 0. 0. 0. 0. 0. 0. 0.]\n",
      " [0. 0. 0. 0. 1. 1. 0. 0. 0. 0.]\n",
      " [0. 0. 0. 0. 1. 1. 0. 0. 0. 0.]\n",
      " [0. 0. 0. 0. 0. 0. 0. 0. 0. 0.]\n",
      " [0. 0. 0. 0. 0. 0. 0. 0. 0. 0.]\n",
      " [0. 0. 0. 0. 0. 0. 0. 0. 0. 0.]\n",
      " [0. 0. 0. 0. 0. 0. 0. 0. 0. 0.]]\n",
      "[[0.   0.   0.   0.   0.   0.   0.   0.   0.   0.  ]\n",
      " [0.   0.   0.   0.   0.   0.   0.   0.   0.   0.  ]\n",
      " [0.   0.   0.   0.   0.   0.   0.   0.   0.   0.  ]\n",
      " [0.   0.   0.   0.   0.25 0.25 0.   0.   0.   0.  ]\n",
      " [0.   0.   0.   0.25 0.5  0.5  0.25 0.   0.   0.  ]\n",
      " [0.   0.   0.   0.25 0.5  0.5  0.25 0.   0.   0.  ]\n",
      " [0.   0.   0.   0.   0.25 0.25 0.   0.   0.   0.  ]\n",
      " [0.   0.   0.   0.   0.   0.   0.   0.   0.   0.  ]\n",
      " [0.   0.   0.   0.   0.   0.   0.   0.   0.   0.  ]\n",
      " [0.   0.   0.   0.   0.   0.   0.   0.   0.   0.  ]]\n",
      "[[0.    0.    0.    0.    0.    0.    0.    0.    0.    0.   ]\n",
      " [0.    0.    0.    0.    0.    0.    0.    0.    0.    0.   ]\n",
      " [0.    0.    0.    0.    0.062 0.062 0.    0.    0.    0.   ]\n",
      " [0.    0.    0.    0.125 0.188 0.188 0.125 0.    0.    0.   ]\n",
      " [0.    0.    0.062 0.188 0.375 0.375 0.188 0.062 0.    0.   ]\n",
      " [0.    0.    0.062 0.188 0.375 0.375 0.188 0.062 0.    0.   ]\n",
      " [0.    0.    0.    0.125 0.188 0.188 0.125 0.    0.    0.   ]\n",
      " [0.    0.    0.    0.    0.062 0.062 0.    0.    0.    0.   ]\n",
      " [0.    0.    0.    0.    0.    0.    0.    0.    0.    0.   ]\n",
      " [0.    0.    0.    0.    0.    0.    0.    0.    0.    0.   ]]\n",
      "[[0.    0.    0.    0.    0.    0.    0.    0.    0.    0.   ]\n",
      " [0.    0.    0.    0.    0.016 0.016 0.    0.    0.    0.   ]\n",
      " [0.    0.    0.    0.047 0.062 0.062 0.047 0.    0.    0.   ]\n",
      " [0.    0.    0.047 0.094 0.188 0.188 0.094 0.047 0.    0.   ]\n",
      " [0.    0.016 0.062 0.188 0.281 0.281 0.188 0.062 0.016 0.   ]\n",
      " [0.    0.016 0.062 0.188 0.281 0.281 0.188 0.062 0.016 0.   ]\n",
      " [0.    0.    0.047 0.094 0.188 0.188 0.094 0.047 0.    0.   ]\n",
      " [0.    0.    0.    0.047 0.062 0.062 0.047 0.    0.    0.   ]\n",
      " [0.    0.    0.    0.    0.016 0.016 0.    0.    0.    0.   ]\n",
      " [0.    0.    0.    0.    0.    0.    0.    0.    0.    0.   ]]\n",
      "[[0.    0.    0.    0.    0.    0.    0.    0.    0.    0.   ]\n",
      " [0.    0.    0.    0.016 0.02  0.02  0.016 0.    0.    0.   ]\n",
      " [0.    0.    0.023 0.039 0.078 0.078 0.039 0.023 0.    0.   ]\n",
      " [0.    0.016 0.039 0.117 0.156 0.156 0.117 0.039 0.016 0.   ]\n",
      " [0.    0.02  0.078 0.156 0.234 0.234 0.156 0.078 0.02  0.   ]\n",
      " [0.    0.02  0.078 0.156 0.234 0.234 0.156 0.078 0.02  0.   ]\n",
      " [0.    0.016 0.039 0.117 0.156 0.156 0.117 0.039 0.016 0.   ]\n",
      " [0.    0.    0.023 0.039 0.078 0.078 0.039 0.023 0.    0.   ]\n",
      " [0.    0.    0.    0.016 0.02  0.02  0.016 0.    0.    0.   ]\n",
      " [0.    0.    0.    0.    0.    0.    0.    0.    0.    0.   ]]\n",
      "[[0.    0.    0.    0.    0.    0.    0.    0.    0.    0.   ]\n",
      " [0.    0.    0.01  0.015 0.028 0.028 0.015 0.01  0.    0.   ]\n",
      " [0.    0.01  0.02  0.059 0.073 0.073 0.059 0.02  0.01  0.   ]\n",
      " [0.    0.015 0.059 0.098 0.146 0.146 0.098 0.059 0.015 0.   ]\n",
      " [0.    0.028 0.073 0.146 0.195 0.195 0.146 0.073 0.028 0.   ]\n",
      " [0.    0.028 0.073 0.146 0.195 0.195 0.146 0.073 0.028 0.   ]\n",
      " [0.    0.015 0.059 0.098 0.146 0.146 0.098 0.059 0.015 0.   ]\n",
      " [0.    0.01  0.02  0.059 0.073 0.073 0.059 0.02  0.01  0.   ]\n",
      " [0.    0.    0.01  0.015 0.028 0.028 0.015 0.01  0.    0.   ]\n",
      " [0.    0.    0.    0.    0.    0.    0.    0.    0.    0.   ]]\n",
      "[[0.    0.    0.    0.    0.    0.    0.    0.    0.    0.   ]\n",
      " [0.    0.005 0.009 0.024 0.029 0.029 0.024 0.009 0.005 0.   ]\n",
      " [0.    0.009 0.034 0.051 0.077 0.077 0.051 0.034 0.009 0.   ]\n",
      " [0.    0.024 0.051 0.103 0.128 0.128 0.103 0.051 0.024 0.   ]\n",
      " [0.    0.029 0.077 0.128 0.171 0.171 0.128 0.077 0.029 0.   ]\n",
      " [0.    0.029 0.077 0.128 0.171 0.171 0.128 0.077 0.029 0.   ]\n",
      " [0.    0.024 0.051 0.103 0.128 0.128 0.103 0.051 0.024 0.   ]\n",
      " [0.    0.009 0.034 0.051 0.077 0.077 0.051 0.034 0.009 0.   ]\n",
      " [0.    0.005 0.009 0.024 0.029 0.029 0.024 0.009 0.005 0.   ]\n",
      " [0.    0.    0.    0.    0.    0.    0.    0.    0.    0.   ]]\n",
      "[[0.    0.    0.    0.    0.    0.    0.    0.    0.    0.   ]\n",
      " [0.    0.004 0.016 0.022 0.032 0.032 0.022 0.016 0.004 0.   ]\n",
      " [0.    0.016 0.03  0.059 0.071 0.071 0.059 0.03  0.016 0.   ]\n",
      " [0.    0.022 0.059 0.09  0.12  0.12  0.09  0.059 0.022 0.   ]\n",
      " [0.    0.032 0.071 0.12  0.15  0.15  0.12  0.071 0.032 0.   ]\n",
      " [0.    0.032 0.071 0.12  0.15  0.15  0.12  0.071 0.032 0.   ]\n",
      " [0.    0.022 0.059 0.09  0.12  0.12  0.09  0.059 0.022 0.   ]\n",
      " [0.    0.016 0.03  0.059 0.071 0.071 0.059 0.03  0.016 0.   ]\n",
      " [0.    0.004 0.016 0.022 0.032 0.032 0.022 0.016 0.004 0.   ]\n",
      " [0.    0.    0.    0.    0.    0.    0.    0.    0.    0.   ]]\n",
      "[[0.    0.    0.    0.    0.    0.    0.    0.    0.    0.   ]\n",
      " [0.    0.008 0.014 0.027 0.031 0.031 0.027 0.014 0.008 0.   ]\n",
      " [0.    0.014 0.038 0.053 0.071 0.071 0.053 0.038 0.014 0.   ]\n",
      " [0.    0.027 0.053 0.089 0.108 0.108 0.089 0.053 0.027 0.   ]\n",
      " [0.    0.031 0.071 0.108 0.135 0.135 0.108 0.071 0.031 0.   ]\n",
      " [0.    0.031 0.071 0.108 0.135 0.135 0.108 0.071 0.031 0.   ]\n",
      " [0.    0.027 0.053 0.089 0.108 0.108 0.089 0.053 0.027 0.   ]\n",
      " [0.    0.014 0.038 0.053 0.071 0.071 0.053 0.038 0.014 0.   ]\n",
      " [0.    0.008 0.014 0.027 0.031 0.031 0.027 0.014 0.008 0.   ]\n",
      " [0.    0.    0.    0.    0.    0.    0.    0.    0.    0.   ]]\n",
      "[[0.    0.    0.    0.    0.    0.    0.    0.    0.    0.   ]\n",
      " [0.    0.007 0.018 0.025 0.032 0.032 0.025 0.018 0.007 0.   ]\n",
      " [0.    0.018 0.034 0.056 0.066 0.066 0.056 0.034 0.018 0.   ]\n",
      " [0.    0.025 0.056 0.08  0.101 0.101 0.08  0.056 0.025 0.   ]\n",
      " [0.    0.032 0.066 0.101 0.121 0.121 0.101 0.066 0.032 0.   ]\n",
      " [0.    0.032 0.066 0.101 0.121 0.121 0.101 0.066 0.032 0.   ]\n",
      " [0.    0.025 0.056 0.08  0.101 0.101 0.08  0.056 0.025 0.   ]\n",
      " [0.    0.018 0.034 0.056 0.066 0.066 0.056 0.034 0.018 0.   ]\n",
      " [0.    0.007 0.018 0.025 0.032 0.032 0.025 0.018 0.007 0.   ]\n",
      " [0.    0.    0.    0.    0.    0.    0.    0.    0.    0.   ]]\n",
      "[[0.    0.    0.    0.    0.    0.    0.    0.    0.    0.   ]\n",
      " [0.    0.009 0.016 0.027 0.031 0.031 0.027 0.016 0.009 0.   ]\n",
      " [0.    0.016 0.037 0.051 0.064 0.064 0.051 0.037 0.016 0.   ]\n",
      " [0.    0.027 0.051 0.078 0.092 0.092 0.078 0.051 0.027 0.   ]\n",
      " [0.    0.031 0.064 0.092 0.111 0.111 0.092 0.064 0.031 0.   ]\n",
      " [0.    0.031 0.064 0.092 0.111 0.111 0.092 0.064 0.031 0.   ]\n",
      " [0.    0.027 0.051 0.078 0.092 0.092 0.078 0.051 0.027 0.   ]\n",
      " [0.    0.016 0.037 0.051 0.064 0.064 0.051 0.037 0.016 0.   ]\n",
      " [0.    0.009 0.016 0.027 0.031 0.031 0.027 0.016 0.009 0.   ]\n",
      " [0.    0.    0.    0.    0.    0.    0.    0.    0.    0.   ]]\n",
      "[[0.    0.    0.    0.    0.    0.    0.    0.    0.    0.   ]\n",
      " [0.    0.008 0.018 0.025 0.03  0.03  0.025 0.018 0.008 0.   ]\n",
      " [0.    0.018 0.034 0.051 0.059 0.059 0.051 0.034 0.018 0.   ]\n",
      " [0.    0.025 0.051 0.072 0.086 0.086 0.072 0.051 0.025 0.   ]\n",
      " [0.    0.03  0.059 0.086 0.101 0.101 0.086 0.059 0.03  0.   ]\n",
      " [0.    0.03  0.059 0.086 0.101 0.101 0.086 0.059 0.03  0.   ]\n",
      " [0.    0.025 0.051 0.072 0.086 0.086 0.072 0.051 0.025 0.   ]\n",
      " [0.    0.018 0.034 0.051 0.059 0.059 0.051 0.034 0.018 0.   ]\n",
      " [0.    0.008 0.018 0.025 0.03  0.03  0.025 0.018 0.008 0.   ]\n",
      " [0.    0.    0.    0.    0.    0.    0.    0.    0.    0.   ]]\n",
      "[[0.    0.    0.    0.    0.    0.    0.    0.    0.    0.   ]\n",
      " [0.    0.009 0.017 0.025 0.029 0.029 0.025 0.017 0.009 0.   ]\n",
      " [0.    0.017 0.035 0.047 0.057 0.057 0.047 0.035 0.017 0.   ]\n",
      " [0.    0.025 0.047 0.069 0.08  0.08  0.069 0.047 0.025 0.   ]\n",
      " [0.    0.029 0.057 0.08  0.094 0.094 0.08  0.057 0.029 0.   ]\n",
      " [0.    0.029 0.057 0.08  0.094 0.094 0.08  0.057 0.029 0.   ]\n",
      " [0.    0.025 0.047 0.069 0.08  0.08  0.069 0.047 0.025 0.   ]\n",
      " [0.    0.017 0.035 0.047 0.057 0.057 0.047 0.035 0.017 0.   ]\n",
      " [0.    0.009 0.017 0.025 0.029 0.029 0.025 0.017 0.009 0.   ]\n",
      " [0.    0.    0.    0.    0.    0.    0.    0.    0.    0.   ]]\n",
      "[[0.    0.    0.    0.    0.    0.    0.    0.    0.    0.   ]\n",
      " [0.    0.008 0.017 0.023 0.028 0.028 0.023 0.017 0.008 0.   ]\n",
      " [0.    0.017 0.032 0.046 0.053 0.053 0.046 0.032 0.017 0.   ]\n",
      " [0.    0.023 0.046 0.063 0.075 0.075 0.063 0.046 0.023 0.   ]\n",
      " [0.    0.028 0.053 0.075 0.087 0.087 0.075 0.053 0.028 0.   ]\n",
      " [0.    0.028 0.053 0.075 0.087 0.087 0.075 0.053 0.028 0.   ]\n",
      " [0.    0.023 0.046 0.063 0.075 0.075 0.063 0.046 0.023 0.   ]\n",
      " [0.    0.017 0.032 0.046 0.053 0.053 0.046 0.032 0.017 0.   ]\n",
      " [0.    0.008 0.017 0.023 0.028 0.028 0.023 0.017 0.008 0.   ]\n",
      " [0.    0.    0.    0.    0.    0.    0.    0.    0.    0.   ]]\n",
      "[[0.    0.    0.    0.    0.    0.    0.    0.    0.    0.   ]\n",
      " [0.    0.009 0.016 0.023 0.026 0.026 0.023 0.016 0.009 0.   ]\n",
      " [0.    0.016 0.032 0.043 0.05  0.05  0.043 0.032 0.016 0.   ]\n",
      " [0.    0.023 0.043 0.061 0.069 0.069 0.061 0.043 0.023 0.   ]\n",
      " [0.    0.026 0.05  0.069 0.081 0.081 0.069 0.05  0.026 0.   ]\n",
      " [0.    0.026 0.05  0.069 0.081 0.081 0.069 0.05  0.026 0.   ]\n",
      " [0.    0.023 0.043 0.061 0.069 0.069 0.061 0.043 0.023 0.   ]\n",
      " [0.    0.016 0.032 0.043 0.05  0.05  0.043 0.032 0.016 0.   ]\n",
      " [0.    0.009 0.016 0.023 0.026 0.026 0.023 0.016 0.009 0.   ]\n",
      " [0.    0.    0.    0.    0.    0.    0.    0.    0.    0.   ]]\n",
      "[[0.    0.    0.    0.    0.    0.    0.    0.    0.    0.   ]\n",
      " [0.    0.008 0.016 0.021 0.025 0.025 0.021 0.016 0.008 0.   ]\n",
      " [0.    0.016 0.029 0.041 0.047 0.047 0.041 0.029 0.016 0.   ]\n",
      " [0.    0.021 0.041 0.056 0.065 0.065 0.056 0.041 0.021 0.   ]\n",
      " [0.    0.025 0.047 0.065 0.075 0.075 0.065 0.047 0.025 0.   ]\n",
      " [0.    0.025 0.047 0.065 0.075 0.075 0.065 0.047 0.025 0.   ]\n",
      " [0.    0.021 0.041 0.056 0.065 0.065 0.056 0.041 0.021 0.   ]\n",
      " [0.    0.016 0.029 0.041 0.047 0.047 0.041 0.029 0.016 0.   ]\n",
      " [0.    0.008 0.016 0.021 0.025 0.025 0.021 0.016 0.008 0.   ]\n",
      " [0.    0.    0.    0.    0.    0.    0.    0.    0.    0.   ]]\n",
      "[[0.    0.    0.    0.    0.    0.    0.    0.    0.    0.   ]\n",
      " [0.    0.008 0.015 0.02  0.023 0.023 0.02  0.015 0.008 0.   ]\n",
      " [0.    0.015 0.029 0.038 0.045 0.045 0.038 0.029 0.015 0.   ]\n",
      " [0.    0.02  0.038 0.053 0.061 0.061 0.053 0.038 0.02  0.   ]\n",
      " [0.    0.023 0.045 0.061 0.07  0.07  0.061 0.045 0.023 0.   ]\n",
      " [0.    0.023 0.045 0.061 0.07  0.07  0.061 0.045 0.023 0.   ]\n",
      " [0.    0.02  0.038 0.053 0.061 0.061 0.053 0.038 0.02  0.   ]\n",
      " [0.    0.015 0.029 0.038 0.045 0.045 0.038 0.029 0.015 0.   ]\n",
      " [0.    0.008 0.015 0.02  0.023 0.023 0.02  0.015 0.008 0.   ]\n",
      " [0.    0.    0.    0.    0.    0.    0.    0.    0.    0.   ]]\n",
      "[[0.    0.    0.    0.    0.    0.    0.    0.    0.    0.   ]\n",
      " [0.    0.007 0.014 0.019 0.022 0.022 0.019 0.014 0.007 0.   ]\n",
      " [0.    0.014 0.027 0.037 0.042 0.042 0.037 0.027 0.014 0.   ]\n",
      " [0.    0.019 0.037 0.05  0.057 0.057 0.05  0.037 0.019 0.   ]\n",
      " [0.    0.022 0.042 0.057 0.066 0.066 0.057 0.042 0.022 0.   ]\n",
      " [0.    0.022 0.042 0.057 0.066 0.066 0.057 0.042 0.022 0.   ]\n",
      " [0.    0.019 0.037 0.05  0.057 0.057 0.05  0.037 0.019 0.   ]\n",
      " [0.    0.014 0.027 0.037 0.042 0.042 0.037 0.027 0.014 0.   ]\n",
      " [0.    0.007 0.014 0.019 0.022 0.022 0.019 0.014 0.007 0.   ]\n",
      " [0.    0.    0.    0.    0.    0.    0.    0.    0.    0.   ]]\n",
      "[[0.    0.    0.    0.    0.    0.    0.    0.    0.    0.   ]\n",
      " [0.    0.007 0.013 0.018 0.021 0.021 0.018 0.013 0.007 0.   ]\n",
      " [0.    0.013 0.026 0.034 0.04  0.04  0.034 0.026 0.013 0.   ]\n",
      " [0.    0.018 0.034 0.047 0.054 0.054 0.047 0.034 0.018 0.   ]\n",
      " [0.    0.021 0.04  0.054 0.061 0.061 0.054 0.04  0.021 0.   ]\n",
      " [0.    0.021 0.04  0.054 0.061 0.061 0.054 0.04  0.021 0.   ]\n",
      " [0.    0.018 0.034 0.047 0.054 0.054 0.047 0.034 0.018 0.   ]\n",
      " [0.    0.013 0.026 0.034 0.04  0.04  0.034 0.026 0.013 0.   ]\n",
      " [0.    0.007 0.013 0.018 0.021 0.021 0.018 0.013 0.007 0.   ]\n",
      " [0.    0.    0.    0.    0.    0.    0.    0.    0.    0.   ]]\n",
      "[[0.    0.    0.    0.    0.    0.    0.    0.    0.    0.   ]\n",
      " [0.    0.007 0.013 0.017 0.02  0.02  0.017 0.013 0.007 0.   ]\n",
      " [0.    0.013 0.024 0.033 0.037 0.037 0.033 0.024 0.013 0.   ]\n",
      " [0.    0.017 0.033 0.044 0.05  0.05  0.044 0.033 0.017 0.   ]\n",
      " [0.    0.02  0.037 0.05  0.058 0.058 0.05  0.037 0.02  0.   ]\n",
      " [0.    0.02  0.037 0.05  0.058 0.058 0.05  0.037 0.02  0.   ]\n",
      " [0.    0.017 0.033 0.044 0.05  0.05  0.044 0.033 0.017 0.   ]\n",
      " [0.    0.013 0.024 0.033 0.037 0.037 0.033 0.024 0.013 0.   ]\n",
      " [0.    0.007 0.013 0.017 0.02  0.02  0.017 0.013 0.007 0.   ]\n",
      " [0.    0.    0.    0.    0.    0.    0.    0.    0.    0.   ]]\n",
      "[[0.    0.    0.    0.    0.    0.    0.    0.    0.    0.   ]\n",
      " [0.    0.006 0.012 0.016 0.018 0.018 0.016 0.012 0.006 0.   ]\n",
      " [0.    0.012 0.023 0.03  0.035 0.035 0.03  0.023 0.012 0.   ]\n",
      " [0.    0.016 0.03  0.041 0.047 0.047 0.041 0.03  0.016 0.   ]\n",
      " [0.    0.018 0.035 0.047 0.054 0.054 0.047 0.035 0.018 0.   ]\n",
      " [0.    0.018 0.035 0.047 0.054 0.054 0.047 0.035 0.018 0.   ]\n",
      " [0.    0.016 0.03  0.041 0.047 0.047 0.041 0.03  0.016 0.   ]\n",
      " [0.    0.012 0.023 0.03  0.035 0.035 0.03  0.023 0.012 0.   ]\n",
      " [0.    0.006 0.012 0.016 0.018 0.018 0.016 0.012 0.006 0.   ]\n",
      " [0.    0.    0.    0.    0.    0.    0.    0.    0.    0.   ]]\n",
      "[[0.    0.    0.    0.    0.    0.    0.    0.    0.    0.   ]\n",
      " [0.    0.006 0.011 0.015 0.017 0.017 0.015 0.011 0.006 0.   ]\n",
      " [0.    0.011 0.021 0.029 0.033 0.033 0.029 0.021 0.011 0.   ]\n",
      " [0.    0.015 0.029 0.039 0.044 0.044 0.039 0.029 0.015 0.   ]\n",
      " [0.    0.017 0.033 0.044 0.051 0.051 0.044 0.033 0.017 0.   ]\n",
      " [0.    0.017 0.033 0.044 0.051 0.051 0.044 0.033 0.017 0.   ]\n",
      " [0.    0.015 0.029 0.039 0.044 0.044 0.039 0.029 0.015 0.   ]\n",
      " [0.    0.011 0.021 0.029 0.033 0.033 0.029 0.021 0.011 0.   ]\n",
      " [0.    0.006 0.011 0.015 0.017 0.017 0.015 0.011 0.006 0.   ]\n",
      " [0.    0.    0.    0.    0.    0.    0.    0.    0.    0.   ]]\n",
      "[[0.    0.    0.    0.    0.    0.    0.    0.    0.    0.   ]\n",
      " [0.    0.006 0.011 0.014 0.016 0.016 0.014 0.011 0.006 0.   ]\n",
      " [0.    0.011 0.02  0.027 0.031 0.031 0.027 0.02  0.011 0.   ]\n",
      " [0.    0.014 0.027 0.037 0.042 0.042 0.037 0.027 0.014 0.   ]\n",
      " [0.    0.016 0.031 0.042 0.048 0.048 0.042 0.031 0.016 0.   ]\n",
      " [0.    0.016 0.031 0.042 0.048 0.048 0.042 0.031 0.016 0.   ]\n",
      " [0.    0.014 0.027 0.037 0.042 0.042 0.037 0.027 0.014 0.   ]\n",
      " [0.    0.011 0.02  0.027 0.031 0.031 0.027 0.02  0.011 0.   ]\n",
      " [0.    0.006 0.011 0.014 0.016 0.016 0.014 0.011 0.006 0.   ]\n",
      " [0.    0.    0.    0.    0.    0.    0.    0.    0.    0.   ]]\n",
      "[[0.    0.    0.    0.    0.    0.    0.    0.    0.    0.   ]\n",
      " [0.    0.005 0.01  0.013 0.015 0.015 0.013 0.01  0.005 0.   ]\n",
      " [0.    0.01  0.019 0.025 0.029 0.029 0.025 0.019 0.01  0.   ]\n",
      " [0.    0.013 0.025 0.034 0.039 0.039 0.034 0.025 0.013 0.   ]\n",
      " [0.    0.015 0.029 0.039 0.045 0.045 0.039 0.029 0.015 0.   ]\n",
      " [0.    0.015 0.029 0.039 0.045 0.045 0.039 0.029 0.015 0.   ]\n",
      " [0.    0.013 0.025 0.034 0.039 0.039 0.034 0.025 0.013 0.   ]\n",
      " [0.    0.01  0.019 0.025 0.029 0.029 0.025 0.019 0.01  0.   ]\n",
      " [0.    0.005 0.01  0.013 0.015 0.015 0.013 0.01  0.005 0.   ]\n",
      " [0.    0.    0.    0.    0.    0.    0.    0.    0.    0.   ]]\n",
      "[[0.    0.    0.    0.    0.    0.    0.    0.    0.    0.   ]\n",
      " [0.    0.005 0.009 0.013 0.014 0.014 0.013 0.009 0.005 0.   ]\n",
      " [0.    0.009 0.018 0.024 0.027 0.027 0.024 0.018 0.009 0.   ]\n",
      " [0.    0.013 0.024 0.032 0.037 0.037 0.032 0.024 0.013 0.   ]\n",
      " [0.    0.014 0.027 0.037 0.042 0.042 0.037 0.027 0.014 0.   ]\n",
      " [0.    0.014 0.027 0.037 0.042 0.042 0.037 0.027 0.014 0.   ]\n",
      " [0.    0.013 0.024 0.032 0.037 0.037 0.032 0.024 0.013 0.   ]\n",
      " [0.    0.009 0.018 0.024 0.027 0.027 0.024 0.018 0.009 0.   ]\n",
      " [0.    0.005 0.009 0.013 0.014 0.014 0.013 0.009 0.005 0.   ]\n",
      " [0.    0.    0.    0.    0.    0.    0.    0.    0.    0.   ]]\n",
      "[[0.    0.    0.    0.    0.    0.    0.    0.    0.    0.   ]\n",
      " [0.    0.005 0.009 0.012 0.014 0.014 0.012 0.009 0.005 0.   ]\n",
      " [0.    0.009 0.017 0.023 0.026 0.026 0.023 0.017 0.009 0.   ]\n",
      " [0.    0.012 0.023 0.03  0.035 0.035 0.03  0.023 0.012 0.   ]\n",
      " [0.    0.014 0.026 0.035 0.039 0.039 0.035 0.026 0.014 0.   ]\n",
      " [0.    0.014 0.026 0.035 0.039 0.039 0.035 0.026 0.014 0.   ]\n",
      " [0.    0.012 0.023 0.03  0.035 0.035 0.03  0.023 0.012 0.   ]\n",
      " [0.    0.009 0.017 0.023 0.026 0.026 0.023 0.017 0.009 0.   ]\n",
      " [0.    0.005 0.009 0.012 0.014 0.014 0.012 0.009 0.005 0.   ]\n",
      " [0.    0.    0.    0.    0.    0.    0.    0.    0.    0.   ]]\n",
      "[[0.    0.    0.    0.    0.    0.    0.    0.    0.    0.   ]\n",
      " [0.    0.004 0.008 0.011 0.013 0.013 0.011 0.008 0.004 0.   ]\n",
      " [0.    0.008 0.016 0.021 0.024 0.024 0.021 0.016 0.008 0.   ]\n",
      " [0.    0.011 0.021 0.029 0.032 0.032 0.029 0.021 0.011 0.   ]\n",
      " [0.    0.013 0.024 0.032 0.037 0.037 0.032 0.024 0.013 0.   ]\n",
      " [0.    0.013 0.024 0.032 0.037 0.037 0.032 0.024 0.013 0.   ]\n",
      " [0.    0.011 0.021 0.029 0.032 0.032 0.029 0.021 0.011 0.   ]\n",
      " [0.    0.008 0.016 0.021 0.024 0.024 0.021 0.016 0.008 0.   ]\n",
      " [0.    0.004 0.008 0.011 0.013 0.013 0.011 0.008 0.004 0.   ]\n",
      " [0.    0.    0.    0.    0.    0.    0.    0.    0.    0.   ]]\n",
      "[[0.    0.    0.    0.    0.    0.    0.    0.    0.    0.   ]\n",
      " [0.    0.004 0.008 0.011 0.012 0.012 0.011 0.008 0.004 0.   ]\n",
      " [0.    0.008 0.015 0.02  0.023 0.023 0.02  0.015 0.008 0.   ]\n",
      " [0.    0.011 0.02  0.027 0.03  0.03  0.027 0.02  0.011 0.   ]\n",
      " [0.    0.012 0.023 0.03  0.035 0.035 0.03  0.023 0.012 0.   ]\n",
      " [0.    0.012 0.023 0.03  0.035 0.035 0.03  0.023 0.012 0.   ]\n",
      " [0.    0.011 0.02  0.027 0.03  0.03  0.027 0.02  0.011 0.   ]\n",
      " [0.    0.008 0.015 0.02  0.023 0.023 0.02  0.015 0.008 0.   ]\n",
      " [0.    0.004 0.008 0.011 0.012 0.012 0.011 0.008 0.004 0.   ]\n",
      " [0.    0.    0.    0.    0.    0.    0.    0.    0.    0.   ]]\n",
      "[[0.    0.    0.    0.    0.    0.    0.    0.    0.    0.   ]\n",
      " [0.    0.004 0.007 0.01  0.011 0.011 0.01  0.007 0.004 0.   ]\n",
      " [0.    0.007 0.014 0.019 0.021 0.021 0.019 0.014 0.007 0.   ]\n",
      " [0.    0.01  0.019 0.025 0.029 0.029 0.025 0.019 0.01  0.   ]\n",
      " [0.    0.011 0.021 0.029 0.033 0.033 0.029 0.021 0.011 0.   ]\n",
      " [0.    0.011 0.021 0.029 0.033 0.033 0.029 0.021 0.011 0.   ]\n",
      " [0.    0.01  0.019 0.025 0.029 0.029 0.025 0.019 0.01  0.   ]\n",
      " [0.    0.007 0.014 0.019 0.021 0.021 0.019 0.014 0.007 0.   ]\n",
      " [0.    0.004 0.007 0.01  0.011 0.011 0.01  0.007 0.004 0.   ]\n",
      " [0.    0.    0.    0.    0.    0.    0.    0.    0.    0.   ]]\n",
      "[[0.    0.    0.    0.    0.    0.    0.    0.    0.    0.   ]\n",
      " [0.    0.004 0.007 0.009 0.011 0.011 0.009 0.007 0.004 0.   ]\n",
      " [0.    0.007 0.013 0.018 0.02  0.02  0.018 0.013 0.007 0.   ]\n",
      " [0.    0.009 0.018 0.024 0.027 0.027 0.024 0.018 0.009 0.   ]\n",
      " [0.    0.011 0.02  0.027 0.031 0.031 0.027 0.02  0.011 0.   ]\n",
      " [0.    0.011 0.02  0.027 0.031 0.031 0.027 0.02  0.011 0.   ]\n",
      " [0.    0.009 0.018 0.024 0.027 0.027 0.024 0.018 0.009 0.   ]\n",
      " [0.    0.007 0.013 0.018 0.02  0.02  0.018 0.013 0.007 0.   ]\n",
      " [0.    0.004 0.007 0.009 0.011 0.011 0.009 0.007 0.004 0.   ]\n",
      " [0.    0.    0.    0.    0.    0.    0.    0.    0.    0.   ]]\n",
      "[[0.    0.    0.    0.    0.    0.    0.    0.    0.    0.   ]\n",
      " [0.    0.003 0.007 0.009 0.01  0.01  0.009 0.007 0.003 0.   ]\n",
      " [0.    0.007 0.012 0.016 0.019 0.019 0.016 0.012 0.007 0.   ]\n",
      " [0.    0.009 0.016 0.022 0.025 0.025 0.022 0.016 0.009 0.   ]\n",
      " [0.    0.01  0.019 0.025 0.029 0.029 0.025 0.019 0.01  0.   ]\n",
      " [0.    0.01  0.019 0.025 0.029 0.029 0.025 0.019 0.01  0.   ]\n",
      " [0.    0.009 0.016 0.022 0.025 0.025 0.022 0.016 0.009 0.   ]\n",
      " [0.    0.007 0.012 0.016 0.019 0.019 0.016 0.012 0.007 0.   ]\n",
      " [0.    0.003 0.007 0.009 0.01  0.01  0.009 0.007 0.003 0.   ]\n",
      " [0.    0.    0.    0.    0.    0.    0.    0.    0.    0.   ]]\n",
      "[[0.    0.    0.    0.    0.    0.    0.    0.    0.    0.   ]\n",
      " [0.    0.003 0.006 0.008 0.009 0.009 0.008 0.006 0.003 0.   ]\n",
      " [0.    0.006 0.011 0.016 0.018 0.018 0.016 0.011 0.006 0.   ]\n",
      " [0.    0.008 0.016 0.021 0.024 0.024 0.021 0.016 0.008 0.   ]\n",
      " [0.    0.009 0.018 0.024 0.027 0.027 0.024 0.018 0.009 0.   ]\n",
      " [0.    0.009 0.018 0.024 0.027 0.027 0.024 0.018 0.009 0.   ]\n",
      " [0.    0.008 0.016 0.021 0.024 0.024 0.021 0.016 0.008 0.   ]\n",
      " [0.    0.006 0.011 0.016 0.018 0.018 0.016 0.011 0.006 0.   ]\n",
      " [0.    0.003 0.006 0.008 0.009 0.009 0.008 0.006 0.003 0.   ]\n",
      " [0.    0.    0.    0.    0.    0.    0.    0.    0.    0.   ]]\n",
      "[[0.    0.    0.    0.    0.    0.    0.    0.    0.    0.   ]\n",
      " [0.    0.003 0.006 0.008 0.009 0.009 0.008 0.006 0.003 0.   ]\n",
      " [0.    0.006 0.011 0.015 0.017 0.017 0.015 0.011 0.006 0.   ]\n",
      " [0.    0.008 0.015 0.02  0.022 0.022 0.02  0.015 0.008 0.   ]\n",
      " [0.    0.009 0.017 0.022 0.025 0.025 0.022 0.017 0.009 0.   ]\n",
      " [0.    0.009 0.017 0.022 0.025 0.025 0.022 0.017 0.009 0.   ]\n",
      " [0.    0.008 0.015 0.02  0.022 0.022 0.02  0.015 0.008 0.   ]\n",
      " [0.    0.006 0.011 0.015 0.017 0.017 0.015 0.011 0.006 0.   ]\n",
      " [0.    0.003 0.006 0.008 0.009 0.009 0.008 0.006 0.003 0.   ]\n",
      " [0.    0.    0.    0.    0.    0.    0.    0.    0.    0.   ]]\n",
      "[[0.    0.    0.    0.    0.    0.    0.    0.    0.    0.   ]\n",
      " [0.    0.003 0.005 0.007 0.008 0.008 0.007 0.005 0.003 0.   ]\n",
      " [0.    0.005 0.01  0.014 0.016 0.016 0.014 0.01  0.005 0.   ]\n",
      " [0.    0.007 0.014 0.018 0.021 0.021 0.018 0.014 0.007 0.   ]\n",
      " [0.    0.008 0.016 0.021 0.024 0.024 0.021 0.016 0.008 0.   ]\n",
      " [0.    0.008 0.016 0.021 0.024 0.024 0.021 0.016 0.008 0.   ]\n",
      " [0.    0.007 0.014 0.018 0.021 0.021 0.018 0.014 0.007 0.   ]\n",
      " [0.    0.005 0.01  0.014 0.016 0.016 0.014 0.01  0.005 0.   ]\n",
      " [0.    0.003 0.005 0.007 0.008 0.008 0.007 0.005 0.003 0.   ]\n",
      " [0.    0.    0.    0.    0.    0.    0.    0.    0.    0.   ]]\n",
      "[[0.    0.    0.    0.    0.    0.    0.    0.    0.    0.   ]\n",
      " [0.    0.003 0.005 0.007 0.008 0.008 0.007 0.005 0.003 0.   ]\n",
      " [0.    0.005 0.01  0.013 0.015 0.015 0.013 0.01  0.005 0.   ]\n",
      " [0.    0.007 0.013 0.017 0.02  0.02  0.017 0.013 0.007 0.   ]\n",
      " [0.    0.008 0.015 0.02  0.022 0.022 0.02  0.015 0.008 0.   ]\n",
      " [0.    0.008 0.015 0.02  0.022 0.022 0.02  0.015 0.008 0.   ]\n",
      " [0.    0.007 0.013 0.017 0.02  0.02  0.017 0.013 0.007 0.   ]\n",
      " [0.    0.005 0.01  0.013 0.015 0.015 0.013 0.01  0.005 0.   ]\n",
      " [0.    0.003 0.005 0.007 0.008 0.008 0.007 0.005 0.003 0.   ]\n",
      " [0.    0.    0.    0.    0.    0.    0.    0.    0.    0.   ]]\n",
      "[[0.    0.    0.    0.    0.    0.    0.    0.    0.    0.   ]\n",
      " [0.    0.003 0.005 0.006 0.007 0.007 0.006 0.005 0.003 0.   ]\n",
      " [0.    0.005 0.009 0.012 0.014 0.014 0.012 0.009 0.005 0.   ]\n",
      " [0.    0.006 0.012 0.016 0.019 0.019 0.016 0.012 0.006 0.   ]\n",
      " [0.    0.007 0.014 0.019 0.021 0.021 0.019 0.014 0.007 0.   ]\n",
      " [0.    0.007 0.014 0.019 0.021 0.021 0.019 0.014 0.007 0.   ]\n",
      " [0.    0.006 0.012 0.016 0.019 0.019 0.016 0.012 0.006 0.   ]\n",
      " [0.    0.005 0.009 0.012 0.014 0.014 0.012 0.009 0.005 0.   ]\n",
      " [0.    0.003 0.005 0.006 0.007 0.007 0.006 0.005 0.003 0.   ]\n",
      " [0.    0.    0.    0.    0.    0.    0.    0.    0.    0.   ]]\n",
      "[[0.    0.    0.    0.    0.    0.    0.    0.    0.    0.   ]\n",
      " [0.    0.002 0.004 0.006 0.007 0.007 0.006 0.004 0.002 0.   ]\n",
      " [0.    0.004 0.008 0.011 0.013 0.013 0.011 0.008 0.004 0.   ]\n",
      " [0.    0.006 0.011 0.015 0.017 0.017 0.015 0.011 0.006 0.   ]\n",
      " [0.    0.007 0.013 0.017 0.02  0.02  0.017 0.013 0.007 0.   ]\n",
      " [0.    0.007 0.013 0.017 0.02  0.02  0.017 0.013 0.007 0.   ]\n",
      " [0.    0.006 0.011 0.015 0.017 0.017 0.015 0.011 0.006 0.   ]\n",
      " [0.    0.004 0.008 0.011 0.013 0.013 0.011 0.008 0.004 0.   ]\n",
      " [0.    0.002 0.004 0.006 0.007 0.007 0.006 0.004 0.002 0.   ]\n",
      " [0.    0.    0.    0.    0.    0.    0.    0.    0.    0.   ]]\n",
      "[[0.    0.    0.    0.    0.    0.    0.    0.    0.    0.   ]\n",
      " [0.    0.002 0.004 0.006 0.006 0.006 0.006 0.004 0.002 0.   ]\n",
      " [0.    0.004 0.008 0.011 0.012 0.012 0.011 0.008 0.004 0.   ]\n",
      " [0.    0.006 0.011 0.014 0.016 0.016 0.014 0.011 0.006 0.   ]\n",
      " [0.    0.006 0.012 0.016 0.019 0.019 0.016 0.012 0.006 0.   ]\n",
      " [0.    0.006 0.012 0.016 0.019 0.019 0.016 0.012 0.006 0.   ]\n",
      " [0.    0.006 0.011 0.014 0.016 0.016 0.014 0.011 0.006 0.   ]\n",
      " [0.    0.004 0.008 0.011 0.012 0.012 0.011 0.008 0.004 0.   ]\n",
      " [0.    0.002 0.004 0.006 0.006 0.006 0.006 0.004 0.002 0.   ]\n",
      " [0.    0.    0.    0.    0.    0.    0.    0.    0.    0.   ]]\n",
      "[[0.    0.    0.    0.    0.    0.    0.    0.    0.    0.   ]\n",
      " [0.    0.002 0.004 0.005 0.006 0.006 0.005 0.004 0.002 0.   ]\n",
      " [0.    0.004 0.007 0.01  0.011 0.011 0.01  0.007 0.004 0.   ]\n",
      " [0.    0.005 0.01  0.014 0.015 0.015 0.014 0.01  0.005 0.   ]\n",
      " [0.    0.006 0.011 0.015 0.017 0.017 0.015 0.011 0.006 0.   ]\n",
      " [0.    0.006 0.011 0.015 0.017 0.017 0.015 0.011 0.006 0.   ]\n",
      " [0.    0.005 0.01  0.014 0.015 0.015 0.014 0.01  0.005 0.   ]\n",
      " [0.    0.004 0.007 0.01  0.011 0.011 0.01  0.007 0.004 0.   ]\n",
      " [0.    0.002 0.004 0.005 0.006 0.006 0.005 0.004 0.002 0.   ]\n",
      " [0.    0.    0.    0.    0.    0.    0.    0.    0.    0.   ]]\n",
      "[[0.    0.    0.    0.    0.    0.    0.    0.    0.    0.   ]\n",
      " [0.    0.002 0.004 0.005 0.006 0.006 0.005 0.004 0.002 0.   ]\n",
      " [0.    0.004 0.007 0.009 0.011 0.011 0.009 0.007 0.004 0.   ]\n",
      " [0.    0.005 0.009 0.013 0.014 0.014 0.013 0.009 0.005 0.   ]\n",
      " [0.    0.006 0.011 0.014 0.016 0.016 0.014 0.011 0.006 0.   ]\n",
      " [0.    0.006 0.011 0.014 0.016 0.016 0.014 0.011 0.006 0.   ]\n",
      " [0.    0.005 0.009 0.013 0.014 0.014 0.013 0.009 0.005 0.   ]\n",
      " [0.    0.004 0.007 0.009 0.011 0.011 0.009 0.007 0.004 0.   ]\n",
      " [0.    0.002 0.004 0.005 0.006 0.006 0.005 0.004 0.002 0.   ]\n",
      " [0.    0.    0.    0.    0.    0.    0.    0.    0.    0.   ]]\n",
      "[[0.    0.    0.    0.    0.    0.    0.    0.    0.    0.   ]\n",
      " [0.    0.002 0.003 0.005 0.005 0.005 0.005 0.003 0.002 0.   ]\n",
      " [0.    0.003 0.007 0.009 0.01  0.01  0.009 0.007 0.003 0.   ]\n",
      " [0.    0.005 0.009 0.012 0.014 0.014 0.012 0.009 0.005 0.   ]\n",
      " [0.    0.005 0.01  0.014 0.015 0.015 0.014 0.01  0.005 0.   ]\n",
      " [0.    0.005 0.01  0.014 0.015 0.015 0.014 0.01  0.005 0.   ]\n",
      " [0.    0.005 0.009 0.012 0.014 0.014 0.012 0.009 0.005 0.   ]\n",
      " [0.    0.003 0.007 0.009 0.01  0.01  0.009 0.007 0.003 0.   ]\n",
      " [0.    0.002 0.003 0.005 0.005 0.005 0.005 0.003 0.002 0.   ]\n",
      " [0.    0.    0.    0.    0.    0.    0.    0.    0.    0.   ]]\n",
      "[[0.    0.    0.    0.    0.    0.    0.    0.    0.    0.   ]\n",
      " [0.    0.002 0.003 0.004 0.005 0.005 0.004 0.003 0.002 0.   ]\n",
      " [0.    0.003 0.006 0.008 0.009 0.009 0.008 0.006 0.003 0.   ]\n",
      " [0.    0.004 0.008 0.011 0.013 0.013 0.011 0.008 0.004 0.   ]\n",
      " [0.    0.005 0.009 0.013 0.015 0.015 0.013 0.009 0.005 0.   ]\n",
      " [0.    0.005 0.009 0.013 0.015 0.015 0.013 0.009 0.005 0.   ]\n",
      " [0.    0.004 0.008 0.011 0.013 0.013 0.011 0.008 0.004 0.   ]\n",
      " [0.    0.003 0.006 0.008 0.009 0.009 0.008 0.006 0.003 0.   ]\n",
      " [0.    0.002 0.003 0.004 0.005 0.005 0.004 0.003 0.002 0.   ]\n",
      " [0.    0.    0.    0.    0.    0.    0.    0.    0.    0.   ]]\n",
      "[[0.    0.    0.    0.    0.    0.    0.    0.    0.    0.   ]\n",
      " [0.    0.002 0.003 0.004 0.005 0.005 0.004 0.003 0.002 0.   ]\n",
      " [0.    0.003 0.006 0.008 0.009 0.009 0.008 0.006 0.003 0.   ]\n",
      " [0.    0.004 0.008 0.011 0.012 0.012 0.011 0.008 0.004 0.   ]\n",
      " [0.    0.005 0.009 0.012 0.014 0.014 0.012 0.009 0.005 0.   ]\n",
      " [0.    0.005 0.009 0.012 0.014 0.014 0.012 0.009 0.005 0.   ]\n",
      " [0.    0.004 0.008 0.011 0.012 0.012 0.011 0.008 0.004 0.   ]\n",
      " [0.    0.003 0.006 0.008 0.009 0.009 0.008 0.006 0.003 0.   ]\n",
      " [0.    0.002 0.003 0.004 0.005 0.005 0.004 0.003 0.002 0.   ]\n",
      " [0.    0.    0.    0.    0.    0.    0.    0.    0.    0.   ]]\n",
      "[[0.    0.    0.    0.    0.    0.    0.    0.    0.    0.   ]\n",
      " [0.    0.002 0.003 0.004 0.004 0.004 0.004 0.003 0.002 0.   ]\n",
      " [0.    0.003 0.005 0.007 0.008 0.008 0.007 0.005 0.003 0.   ]\n",
      " [0.    0.004 0.007 0.01  0.011 0.011 0.01  0.007 0.004 0.   ]\n",
      " [0.    0.004 0.008 0.011 0.013 0.013 0.011 0.008 0.004 0.   ]\n",
      " [0.    0.004 0.008 0.011 0.013 0.013 0.011 0.008 0.004 0.   ]\n",
      " [0.    0.004 0.007 0.01  0.011 0.011 0.01  0.007 0.004 0.   ]\n",
      " [0.    0.003 0.005 0.007 0.008 0.008 0.007 0.005 0.003 0.   ]\n",
      " [0.    0.002 0.003 0.004 0.004 0.004 0.004 0.003 0.002 0.   ]\n",
      " [0.    0.    0.    0.    0.    0.    0.    0.    0.    0.   ]]\n",
      "[[0.    0.    0.    0.    0.    0.    0.    0.    0.    0.   ]\n",
      " [0.    0.001 0.003 0.004 0.004 0.004 0.004 0.003 0.001 0.   ]\n",
      " [0.    0.003 0.005 0.007 0.008 0.008 0.007 0.005 0.003 0.   ]\n",
      " [0.    0.004 0.007 0.009 0.011 0.011 0.009 0.007 0.004 0.   ]\n",
      " [0.    0.004 0.008 0.011 0.012 0.012 0.011 0.008 0.004 0.   ]\n",
      " [0.    0.004 0.008 0.011 0.012 0.012 0.011 0.008 0.004 0.   ]\n",
      " [0.    0.004 0.007 0.009 0.011 0.011 0.009 0.007 0.004 0.   ]\n",
      " [0.    0.003 0.005 0.007 0.008 0.008 0.007 0.005 0.003 0.   ]\n",
      " [0.    0.001 0.003 0.004 0.004 0.004 0.004 0.003 0.001 0.   ]\n",
      " [0.    0.    0.    0.    0.    0.    0.    0.    0.    0.   ]]\n",
      "[[0.    0.    0.    0.    0.    0.    0.    0.    0.    0.   ]\n",
      " [0.    0.001 0.003 0.003 0.004 0.004 0.003 0.003 0.001 0.   ]\n",
      " [0.    0.003 0.005 0.006 0.007 0.007 0.006 0.005 0.003 0.   ]\n",
      " [0.    0.003 0.006 0.009 0.01  0.01  0.009 0.006 0.003 0.   ]\n",
      " [0.    0.004 0.007 0.01  0.011 0.011 0.01  0.007 0.004 0.   ]\n",
      " [0.    0.004 0.007 0.01  0.011 0.011 0.01  0.007 0.004 0.   ]\n",
      " [0.    0.003 0.006 0.009 0.01  0.01  0.009 0.006 0.003 0.   ]\n",
      " [0.    0.003 0.005 0.006 0.007 0.007 0.006 0.005 0.003 0.   ]\n",
      " [0.    0.001 0.003 0.003 0.004 0.004 0.003 0.003 0.001 0.   ]\n",
      " [0.    0.    0.    0.    0.    0.    0.    0.    0.    0.   ]]\n",
      "[[0.    0.    0.    0.    0.    0.    0.    0.    0.    0.   ]\n",
      " [0.    0.001 0.002 0.003 0.004 0.004 0.003 0.002 0.001 0.   ]\n",
      " [0.    0.002 0.005 0.006 0.007 0.007 0.006 0.005 0.002 0.   ]\n",
      " [0.    0.003 0.006 0.008 0.009 0.009 0.008 0.006 0.003 0.   ]\n",
      " [0.    0.004 0.007 0.009 0.011 0.011 0.009 0.007 0.004 0.   ]\n",
      " [0.    0.004 0.007 0.009 0.011 0.011 0.009 0.007 0.004 0.   ]\n",
      " [0.    0.003 0.006 0.008 0.009 0.009 0.008 0.006 0.003 0.   ]\n",
      " [0.    0.002 0.005 0.006 0.007 0.007 0.006 0.005 0.002 0.   ]\n",
      " [0.    0.001 0.002 0.003 0.004 0.004 0.003 0.002 0.001 0.   ]\n",
      " [0.    0.    0.    0.    0.    0.    0.    0.    0.    0.   ]]\n",
      "[[0.    0.    0.    0.    0.    0.    0.    0.    0.    0.   ]\n",
      " [0.    0.001 0.002 0.003 0.003 0.003 0.003 0.002 0.001 0.   ]\n",
      " [0.    0.002 0.004 0.006 0.007 0.007 0.006 0.004 0.002 0.   ]\n",
      " [0.    0.003 0.006 0.008 0.009 0.009 0.008 0.006 0.003 0.   ]\n",
      " [0.    0.003 0.007 0.009 0.01  0.01  0.009 0.007 0.003 0.   ]\n",
      " [0.    0.003 0.007 0.009 0.01  0.01  0.009 0.007 0.003 0.   ]\n",
      " [0.    0.003 0.006 0.008 0.009 0.009 0.008 0.006 0.003 0.   ]\n",
      " [0.    0.002 0.004 0.006 0.007 0.007 0.006 0.004 0.002 0.   ]\n",
      " [0.    0.001 0.002 0.003 0.003 0.003 0.003 0.002 0.001 0.   ]\n",
      " [0.    0.    0.    0.    0.    0.    0.    0.    0.    0.   ]]\n",
      "[[0.    0.    0.    0.    0.    0.    0.    0.    0.    0.   ]\n",
      " [0.    0.001 0.002 0.003 0.003 0.003 0.003 0.002 0.001 0.   ]\n",
      " [0.    0.002 0.004 0.005 0.006 0.006 0.005 0.004 0.002 0.   ]\n",
      " [0.    0.003 0.005 0.007 0.008 0.008 0.007 0.005 0.003 0.   ]\n",
      " [0.    0.003 0.006 0.008 0.009 0.009 0.008 0.006 0.003 0.   ]\n",
      " [0.    0.003 0.006 0.008 0.009 0.009 0.008 0.006 0.003 0.   ]\n",
      " [0.    0.003 0.005 0.007 0.008 0.008 0.007 0.005 0.003 0.   ]\n",
      " [0.    0.002 0.004 0.005 0.006 0.006 0.005 0.004 0.002 0.   ]\n",
      " [0.    0.001 0.002 0.003 0.003 0.003 0.003 0.002 0.001 0.   ]\n",
      " [0.    0.    0.    0.    0.    0.    0.    0.    0.    0.   ]]\n",
      "[[0.    0.    0.    0.    0.    0.    0.    0.    0.    0.   ]\n",
      " [0.    0.001 0.002 0.003 0.003 0.003 0.003 0.002 0.001 0.   ]\n",
      " [0.    0.002 0.004 0.005 0.006 0.006 0.005 0.004 0.002 0.   ]\n",
      " [0.    0.003 0.005 0.007 0.008 0.008 0.007 0.005 0.003 0.   ]\n",
      " [0.    0.003 0.006 0.008 0.009 0.009 0.008 0.006 0.003 0.   ]\n",
      " [0.    0.003 0.006 0.008 0.009 0.009 0.008 0.006 0.003 0.   ]\n",
      " [0.    0.003 0.005 0.007 0.008 0.008 0.007 0.005 0.003 0.   ]\n",
      " [0.    0.002 0.004 0.005 0.006 0.006 0.005 0.004 0.002 0.   ]\n",
      " [0.    0.001 0.002 0.003 0.003 0.003 0.003 0.002 0.001 0.   ]\n",
      " [0.    0.    0.    0.    0.    0.    0.    0.    0.    0.   ]]\n",
      "[[0.    0.    0.    0.    0.    0.    0.    0.    0.    0.   ]\n",
      " [0.    0.001 0.002 0.003 0.003 0.003 0.003 0.002 0.001 0.   ]\n",
      " [0.    0.002 0.004 0.005 0.005 0.005 0.005 0.004 0.002 0.   ]\n",
      " [0.    0.003 0.005 0.006 0.007 0.007 0.006 0.005 0.003 0.   ]\n",
      " [0.    0.003 0.005 0.007 0.008 0.008 0.007 0.005 0.003 0.   ]\n",
      " [0.    0.003 0.005 0.007 0.008 0.008 0.007 0.005 0.003 0.   ]\n",
      " [0.    0.003 0.005 0.006 0.007 0.007 0.006 0.005 0.003 0.   ]\n",
      " [0.    0.002 0.004 0.005 0.005 0.005 0.005 0.004 0.002 0.   ]\n",
      " [0.    0.001 0.002 0.003 0.003 0.003 0.003 0.002 0.001 0.   ]\n",
      " [0.    0.    0.    0.    0.    0.    0.    0.    0.    0.   ]]\n",
      "[[0.    0.    0.    0.    0.    0.    0.    0.    0.    0.   ]\n",
      " [0.    0.001 0.002 0.002 0.003 0.003 0.002 0.002 0.001 0.   ]\n",
      " [0.    0.002 0.003 0.004 0.005 0.005 0.004 0.003 0.002 0.   ]\n",
      " [0.    0.002 0.004 0.006 0.007 0.007 0.006 0.004 0.002 0.   ]\n",
      " [0.    0.003 0.005 0.007 0.008 0.008 0.007 0.005 0.003 0.   ]\n",
      " [0.    0.003 0.005 0.007 0.008 0.008 0.007 0.005 0.003 0.   ]\n",
      " [0.    0.002 0.004 0.006 0.007 0.007 0.006 0.004 0.002 0.   ]\n",
      " [0.    0.002 0.003 0.004 0.005 0.005 0.004 0.003 0.002 0.   ]\n",
      " [0.    0.001 0.002 0.002 0.003 0.003 0.002 0.002 0.001 0.   ]\n",
      " [0.    0.    0.    0.    0.    0.    0.    0.    0.    0.   ]]\n",
      "[[0.    0.    0.    0.    0.    0.    0.    0.    0.    0.   ]\n",
      " [0.    0.001 0.002 0.002 0.003 0.003 0.002 0.002 0.001 0.   ]\n",
      " [0.    0.002 0.003 0.004 0.005 0.005 0.004 0.003 0.002 0.   ]\n",
      " [0.    0.002 0.004 0.006 0.006 0.006 0.006 0.004 0.002 0.   ]\n",
      " [0.    0.003 0.005 0.006 0.007 0.007 0.006 0.005 0.003 0.   ]\n",
      " [0.    0.003 0.005 0.006 0.007 0.007 0.006 0.005 0.003 0.   ]\n",
      " [0.    0.002 0.004 0.006 0.006 0.006 0.006 0.004 0.002 0.   ]\n",
      " [0.    0.002 0.003 0.004 0.005 0.005 0.004 0.003 0.002 0.   ]\n",
      " [0.    0.001 0.002 0.002 0.003 0.003 0.002 0.002 0.001 0.   ]\n",
      " [0.    0.    0.    0.    0.    0.    0.    0.    0.    0.   ]]\n",
